000001000001000000000001000100000000000001010000010000010000000101010000000001000100000000010000000
000001010101010111111111010101011101011101011101111101010111010101011111010111010101010111010111110
000001010100010100000000010001000001000001000000000101010100010000000000010101010001010100000100010
011101011101011111110111111111011111010111011111110101110100011101011101110101110111111111010101110
000100010001000000000101010000000000010000010000000001000100010001000000010000000000010000010001000
000101110111011111111101010111011111110111010101011101110100010101111111011111110111010111111111110
000000010001010000000100000001010100000001000101010100010000000100000001000000010001000100000000000
011111110101010000011111110111010101110001111101010111010111010101110101011101110001110111000111110
010000000100000000000100000100000100000001000100000000010100010001000101010000010000000000000000010
010001111111110100010111110111011101111101010111111111010111010001111101110101110111011111011111010
000000000000000100010000010001010001000000010000000100000000000000000001010101010001010100010100000
011101000111000101110101011111011101111101110111011101010111110111110111011111011101010111110101000
010001000001000000000101010000010001010001000001010001010100000000000001000000000101000100000001000
010111111101000001110101010111110001011101010101110101111111110111011101011100011101110111110111011
000100010101000001010100000000010000000100010101000100000000000001010000000100000101000000000101010
011101010101011101011101011111010111011111110111011101111100010101011100011101111101110001110101110
010001000001010100010101000000010101000000000001000000000100010101010000000100010101000000000000000
010001111111110101010101110100010101010001010111110111111101010101110100010111110101000001111111011
000000010000010001010000010100000100010001010101000000010101000101000100010001000000000000000000000
010111011100010111111101111111111101010111011101011101110111011101110111111101010100011101110111110
010100010000000001000100010001000001010000000000000100000001000000000100000000010100000000000101000
011101011101111111010111010001000111111101010111010100000111110111111101011111010101011111010101110
000001000100000001010100010000000101000101010101010000000000010101000001010101010101000000010100010
111101011101010111010111011100011101010101010101011111000101111101000111010101110101110111010101010
000000000001010000010000010100000000010000010001000000000100010000000000010101010001000101000001000
011101011101011101110000010101010001110001111101110111011100010111011100010101010101000101011101110
010001000001000001000000000101010000010000000001000001010000000001000000010000000101000000000100010
011111111111111101011100000101011101111111010111011111010001110111011101010111110101110111111100010
000000010101000001000000000100010100010001010001000000000000010100010101000000000000000001000000000
110111010101011111011101010101110111010101110111110111000101111101110111110001110101010001010101110
000101000100000100000001010101000000010101000100000001000100000001000000000000000101010000010101010
010101011111111101011111110101000100010101111101111101000101110101000111000111110101010111110111010
010000000100000001010001000000000100000100000101010100000100000100000001000100000100000101010100000
011111010111111101110111110000011101011100011101010111010111110101000111011111000111010101010101110
000100010100000101000000000000000101000000010001010000010000000001000100010101000001010100000000000
010111111101010101010111011100011101010101011101010001010101010111110111010101110111010101010001111
010001000101010000010001010000000100010101000000010001000101010001010000000000000001000101010001000
010101000101110001111111011101111111011111000000010001110111110111011100000111000001110101010101110
010101000000010000000001000000000100010001000000000001000000010100000100000100000000010001000101010
110101111111011100011101011100000100010111011111011101110101111101110111010101010001111101011101010
000100000000010000010001000100000000010101000000010100010101000000010100010001010001000000000101000
000101111111010101110111111101010001110101111101010111010101011101110111010101110101010101010111011
000000000100010100000100010001010000010000000101000100000100010101000100000100010101010101010100010
010111010111010111010111010101110000010101010101011100011101010111010111000111011101011101010101110
010001010100000101010100010100010000000101010001010100000101000001010101000000000100010000000000000
111101111101010101010100011101110111000111010101010111110101011101010101000111110111011111110001110
000000000101010000000000010101000000000100010100010001000100010001010001000100010000000001000001000
010111111101010111010111010101110111000100010111110001000101110101011111110111010001110111011111011
010000000100000001010100000001010101000100000000010000000100000101000101010100010000000100000100000
011111011111010101011111011111010101000101111111011101111111111111110101010100010111110111000101110
010000000000010101000000000001000001000100000101010001000100010100000001000100010001010000000000010
010101011111110111011101110001110101011111011101111111110111010101010001010100011111011111011111010
000101010000000100000100000000000100000000000001000101000001000101010000010000000001010100010101000
000111011101010111111101110111110101010111011111011101011101000101010111110101011101010111110101000
000001010101010101000000010000000001010101000000000100010000000100000000010101010000000100000000000
111101010101110101110111111101110101011101111101111101110000010100000111011101010111000111011100010
000000000100000100010100000000010100000000000100000100000000010000000101010000000100000001000100010
011101011111000111011101110101010111011101110100011111010000010111111101011100000101000001111101111
000001010101000001010000000101000100010000000000010100010000000100000100010000000101000000010000000
000111010101000101011101010101011111010001011111010111010101111101111100011111111111000101110101010
000001000100000100000001010101010000000001000100010001000100000101000100000000000101000101010101010
011101010101011111010111111101110000010101010111111101110111111101011111111100010101111101010111010
000000010001000100010001010001000000010101010000000001000100000001000100000000010000000101000001000
010111110001010101011101010111011101011111010101011111110101111101011111010111011111111101011111110
010101000001010101000000000000000101000001000101000001000000000000000100010100000101000001010000000
011101011111110111010100011111111101110111110111111101011101111101111101111100011101011101010001011
010100000001010001010100000100000100010000010100010000000000000100010100000100010000000100000001000
010101111101011101011101011101110101010111011100011101011101110111010101010101011101010111110001000
010001000101010101010101000101000101000100000000010001010001010100000101010001000001010001000001000
011101011101010101010101011111011101000100011101110101010111011101010101111101110111010111011101110
010000000000010001000001010000010100000000010000000100000000000101010001000000010000010100010000010
011101011111110111010111011101010101110001111111000101010111011101110001111111110111110111010001110
010101000000010000010000000101000000010000000100000101010100000100000000000001000101000001000001000
010101011111010101111101111101011101011111011111110101111111110100011111111101111101010111011101010
000001010000000100010101000101000001010000000100000100000100000100010000010000010001010101000101010
110111110101010101110101110101111101010111111101111111010101111111010101110111010111010101000111010
000100000101010000000000000100010001000000010101010000010000000101010100000000010000000001000000010
110111110111011101111101110111011101010111110111010111110001110101011100011100010101111101010111010
000001000000000100000000010101010000010001000101000100000000010000000000000100000100010000010000000
011101011111011101010111010101010101111101011101011101010101010101011101110100000111010101110111111
000000000000000001010101010001010101000000000100000001010101010101010001010100000100000101000000000
110001010101011101010101010101010111110001110111000001011101010111010111011111110111010111110111110
000001010101000001000100010100010100000001000001000000010100010100000100000101000000010001000001000
111101010101110111111101111100011101111101011111111101110111110101011101000101010101010111111101110
010001010100000100010101010000000000010000000000010000000000010101000101000100010101010000000000010
011101010111110111010101010111000001011101000111110001110111010101010101111111011101011100011101111
000000000000010000010001010000000001000101000000000000000101000000010100010001000000010000000100010
010000011101110101111101010111010001110101111101111101110101011101110100011101011101011100011111010
010000010001000100000000000000010001010100010001000000010000000100000000000001010001010100000001000
110001111111111111110111110000010111010101011101011101011100010101110111111101011101110111110101011
000000010001000000000001000000010100000001000000000101000000010000010000000001010000010000000100000
110111110101110111111101111111011101110001010001110111110001011101110101110111011101010001011111110
000101000100000001010000000000010000000000010001000000010001000001000100010000000001010001010000000
011101110100011111010001110100011101110111111101111111010111010101110111010101111111010111110111110
000100000100010000010000010100010101000001010100010000000100010101010001010100010000010000000000000
011111000111011101111100011100010111011111010101110100000101110101010111110100010111010111110111010
010100000101000001000100000000000000000000000000000100000001000000000000010000000001000001000100010
010111000101011101010101110111011111111111011101110111011101110111011100011101000101110001111101110
000000000000000000010100000100000000000100000000000001010000000001010000000101000100000000000000000
-- start --
94
6
-- goal --
8
94
