00010000000001000000000000000
01110101110111110111110111010
01000101000000010101000100010
01111111110111110101111101111
01000000000101000000000101000
01111111011101011111111111110
01000100000101000000010001000
01010111011101011111110111110
00010001000000000000010001000
01111111011111111101110111110
00000101000001010000000001000
01011101011111010101110101011
01010001010000010101000100000
11010111010111010111110111111
01000000010001000001000101000
01010101010111110101111101110
00010101010100010100010001010
11111111110101110111110111010
00000100000000010101000101010
01011101111111011101110101010
01010000000001010100000001010
11011111011101110111110101010
01010100000101010001000101000
01010101110111011101010101011
01000001010001000001010101000
01110111010111011111010111010
00000100010001000001010100010
01110101111101010101010111110
01000000000100010100010000000
-- start --
14
6
-- goal --
10
18
