0000000000111111111111100000000000000000100000000001000000000000000000000000000000000000000000000000000
0000000000100000010000100000000000000000100000000001000000000000000000000000000000000000000000000000000
0000000000100000010000100000000000000000000000000001000000000000000000000000000000000000000000000000000
0011111011100000000000100000000000000000100000000001000000000000000000000000000000000000000000000000000
0010000000100000010000100000000000000000100000000001000000000000000000000000000000000000000000000000000
0010000000111101111111111111100000000000100000000001000000000000000000000000000000000000000000000000000
0010000000100000000000000000100000000000100000000001000000000000000000000000000000000000000000000000000
0010000000100000000000000000100000000000100000000001000000000000000000000000000000000000000000000000000
0010000000100000000000000000100000000000100000000001000000000000000000000000000000000000000000000000000
0010000000000000000000000000100000000000100000000001000000000000000000000000000000000000000000000000000
0010000000100000000000000000100000000000100000000001000000000000000000000000000000000000000000000000000
0010000000100000000000000000100000000000100000000001000000000000000000000000000000000000000000000000000
0010000000100000000000000000100000000000100000000001000000000000000000000000000000000000000000000000000
0011111111111111111111111111100000000000100000000001000000000000000000000000000000000000000000000000000
0000000000000000000000000000000000000000100000000000000000000000000000000000000000000000000000000000000
0000000000000000000000000000000000000000100000000001111111111111111111111111111111111100000000000000000
0000000000000000000000000000000000000000100000000001000000000000000000000000000000000100000000000000000
0000000000000000000000000000000000000000100000000001000000000100000000000000000000000100000000000000000
1111111111111111101111111111111111111111100000000001000000000100000000000000000000000100000000000000000
0000000000000000000000000000000000000000000000000001000000111111110000000010000000000100000000000000000
0000000000000000000000000000000000000000000000000001000000000000000000000010000000000100000000000000000
0000000000000000000000000000000000000000000000000001000000000000000000000010000000000100000000000000000
0000000000000000000000000000000001111111111111111111111111110111111111111111110111111100000000000000000
0000000000000000000000000000000001000000000000000000000000000000000000000010000000000100000000000000000
0000000000000000000000000000000001000000000000001000000000000000000000000010000000000100000000000000000
0000000000000000000000000000000001000000000000001000000000000000000000000010000000000100000000000000000
0000000000000000000000000000000001000000000000000000000000000000000000000010000000000100000000000000000
0000000000000000000011111111111111111111110111111111111111111111111111111111111111111111111100000000000
0000000000000000000010000000000000000000000000000000000000000000000000000000000000000000000100000000000
0000000000000000000010000000000000000000000000000000000000000000000000000000000000000000000100000000000
0000000000000000000010000000011111111111111111110000000000000000000000000000000000000000000100000000000
0000000000000000000010000000010000001000000000010000000000000000000000000000000000000000000100000000000
0000000000000000000010000000011111111000000000000000000000000000000000000000000000000000000100000000000
0000000000000000000010000000000000001000000000000000000000000000000000000000000000000000000100000000000
0000000000000000000010000000000000001000000000000000000000000000000000000000000000000000000100000000000
0000000000000000000010000000000000001000000111111111111111111111111111111111111111111111111100000000000
0000000000000000000010000000000000000000000000000000000000000000000000000000000000000000000000000000000
0000000000000000000010000000000000000000000100000000000000000000000000000000000000000000000000000000000
0000000000000000000010000000000000000000000100000000000000000000000000000000000000000000000000000000000
-- start --
20
4
-- goal --
82
26