000000010000000000000000000000000100000001000000000000000000000000000000000000000000011100000000000
000000010000000000000000000111000100000001000000000000000000000000000000000000000000010000000000000
000000000000000000000000000000000000000000000000000000000000000000000000000000000000010100000000000
000000000000000000000000000000000000000000000000010000000000000000011100000000000000011111100000000
000000000000000000000000000000000000000000000000010000000000000000000000000000000000000000000000000
000000000111110000000000000000000000000000000001010001110000000000011100000001000000000000000000000
000000000000010000000000000000000000000000000001000000000000000000000000000001000000000000000000000
011100000000011100000000000000000000000000000111000000000000000001000000000001000000000000000000000
000000000000000000000000000000000000000000000000000000000000000001000000000000000000000000000000000
110001000000000000000111110001110000000101110000000000000000000001000000000000000000000000000000000
000001000000000000000000000000010000000101000000000000000000000000000000000000000000000000000000000
000001000000000000010000000000010000000101000000000000000000000000000000000000000000000000000000000
000000000000000000010000000000000000000000000000000000000000000000000000000000000000000000000000000
000000000000000000010111000000000000000100000000000000000000000000000000000000000000000000000000000
000000000000000000000000000000000000000100000000000000000000000000000000000000000000000000000000000
000001000001000000000000000000000000000111000000000111000001110000000000000000000100000000000000000
000001000001000000000000000000000000000000000000000000000000000000000000000000000100000000000000000
000001000001000000000000000000000101000000000000000000000000000000000000000000000101000000000000000
000000000000000000000000000000000101000000000000000000000000000000000000000000000001000000000000000
011100000000000000000000000000010101000000000100000000000000000000011100000000010111000000000000000
000000000000000000000000000000010000000000000100000000000000000000000000000000010000000000000000000
000000000000000001110100000000010000000000011101110001110000000111000000000000011100000100000000000
000000000000000000010100000000000000000000010000000000000000000000000000000000000000000100000000000
000000000000000000010100000000000000000000010000000001110000000000000000000000000000000101110000000
000000000000000000000000000000000000000000000000000000000000000000000000000000000000000000000000000
000000000000000101010100000000000001110000000000000000000000000000000000010000000000000000000000010
000000000000000101010100000000000000000000000000000000000000000000000000010000000000000000000000010
000000000000011101010111011100000000011100000000000000000000000001110000010000000000000000000101110
000000000000000000000100000000000000000000000000000000000000000000000000000000000000000000000100000
000000000000000000011100000000000000011100000000000000010000000001000000000000000000000000000101110
000000000000000000000000000000000000010000000000000000010000000001000000000000000000000000000000000
000000000000000001000100000000000000010001000000000000010000000001000000000000000000000101010001110
000000000000000001000100000000000000000001000000000000000000000000000000000000000000000101010000000
111100000000000001010100011100000000000111000000000000000101110000000000000000000000011101010001110
000000000000000000010000000000000000000000000000000000000100000000000000000000000000000000000000000
000000000000000000010000000000000111000000000000000000011100000000000001000001000100000000000001110
000000000000000000000000000000000000000000000000000000000000000000000001000001000100000000000001000
110000000000000000000000000000000000000000000000000000000000000000000001000001000100000000000001000
000000000000000000000000000000000000000000000000000000000000000000000000000000000000000000000000000
000000011100000000011100000000000000000000000000000000000000000001110000000000000100000000000000000
000000000000000000000000000000000000000000000000000000000000000000000000000000000100000000000000000
000000000000000000000000000000000000000000000000010000000001000001110000000000000111000000000000000
000000000000000000000000000000000000000000000000010000000001000000000000000000000100000000000000000
000000010000011101000000000000000000000001000000011100000001000000000000000111000100000000000000000
000000010000010001000000000000000000000001000000000000000000000000000000000000000000000000000000000
000000010000011111000111000000000000000001000000011100000000000000000000000000000000000000010000000
000000000000000000000000000000000000000000000000000000000000000000000000000000000000000000010000000
000000000000000111110000000000000000000000000000000000000000000000000001110000000000000000010000000
000000000000000000000000000000000000000000000000000000000000000000000000000000000000000000000000000
000000000111110100000000000000000001000000000000000000000000000000000000000000000000000100000100000
000000000001010100000000000000000001000000000000000000000000000000000000000000000000000100000100000
000000000111010100000001110000000001000100000000000000000000000000000000000000000000000100000111000
000000000000000000000000000000000000000100000000000000000000000000000000000000000000000000000000000
000000011100000001110000000000000111110111000000000000000000000000000000000000011100000000000001110
000000000000000000000000000000000000000000000000000000000000000000000000000000000000000000000000000
000000000000000000000000000000000000011100000000000000010100000000000111000000000000000000000001110
000000000000000000000000000000000000000100000000000000010100000000000000000000000000000000000001000
000000000000000000000000000000000001000100000000000000010100000000000000000000000100000000010001000
000000000000000000000000000000000001000000000000000000000000000000000000000000000100000000010000000
000000000000000111000000000000000001110000000000000000000000000000000000000000000100000100010000011
000000000000000000000000000000000000000000000000000000000000000000000000000000000000000100000000000
000000000000000000000000000000000000000000000000000000000000000000000000000000000000000100000000000
000000000000000000000000000000000000000000000000000000000000000000000000000000000000000000000000000
000000000000000000000001110000000000000000000000000000000000011100000000000000010111000000000100000
000000000000000000000000000000000000000000000000000000000000000100000000000000010000000000000100000
000000000000000000000000000000000000000000000000000000000000000100000000000001111100000111000100000
000000000000000000000000000000000000000000000000000000000000000000000000000000000100000000000000000
000000000000000100011100000000000000000000010000000100000000000000000000000000011100000000000000000
000000000000000100000000000000000000000000010000000100000000000000000000000000010000000000000000000
000000000000000100000000000001110000000000010000011100000001110000000000000000010000000111000000000
000000000000000000000000000000000000000000000000000100000000000000000000000000000000000000000000000
000100011100000000000001110000010001000000000000000100000000000001110000000000011100000000000000000
000100000000000000000000000000010001000000000000000000000000000000000000000000000000000000000000000
000100000100000000000001000000010001000000000000000000000000000000000000000000000000000000000000000
000000000100000000000001000000000000000000000000000000000000000000000000000000000000000000000000000
000100000100000000000001010100000000000001110000000000000001000000000000000000000000000000000001110
000100000000000000000001010100000000000000000000000000000001000000000000000000000000000000000000000
000100000000000100000101010111000001110000000000000000000001110000000000000000010000000000000000000
000000000000000100000100000000000000000000000000000000000000010000000000000000010000000000000000000
000000000101110100000100000000000000000000000000000000000001110001110000000000010000000000011100000
000000000100000000000000000000000000000000000000000000000000000000000000000000000000000000000000000
000111000100000000000000000000000000000000010100010001000000000000000100010100000000000001000000000
000000000000000000000000000000000000000000010100010001000000000000000100010100000000000001000000000
000000000000000000011111000000000000000000010100010001000000000000000100010100000001000001010000000
000000000000000000000000000000000000000000000000000000000000000000000000000000000001000000010000000
000101000000000000000000010000000000000000000000000100000000000000010000000001110001000001110000000
000101000000000000000000010000000000000000000000000100000000000000010000000000000000000000000000000
011101000000000111000000010000000000000000000000000100000000000000010000000000000001110000000000000
000000000000000100000000000000000000000000000000000000000000000000000000000000000000000000000000000
010000000000000100000000000000000000000000000100011100000000000000000000000000000111000000000000000
010000000000000000000000000000000000000000000100000000000000000000000000000000000000000000000000000
010000000000000000000000000111000000000001000101110000000000000000010000000000000111010000000000000
000000000000000000000000000000000000000001000000000000000000000000010000000000000000010000000000000
000000000000000000000000000000000000011101000000000000000000000000010000000000000000010000000000000
000000000000000000000000000000000000000000000000000000000000000000000000000000000000000000000000000
000000000001111100000001000001000000000000000000000000000000000000000101000000000000000000000111000
000000000000010000000001000001000000000000000000000000000000000000000101000000000000000000000001000
000000000000010000000001000001000000000000000000000000000000000000000101000000000100000000000001000
000000000000000000000000000000000000000000000000000000000000000000000000000000000100000000000000000
-- start --
12
96
-- goal --
86
2
