000000000001000000000101000001000000000
110111110111110111011101110101111100011
000100000100000101010100000100000000000
110101111101110101010101111101110111011
010101000000010100000100010000010001000
010111110101111111110101011111011111111
000100000101000100010101000100000100000
110101011111010100011111010111011111110
010101000100010100010100010101000100000
010101110101110111010111010101010101010
000100010000010000010000010001010101010
011111011101110111110111111111110101111
000000010100010001000100010000010100000
011101010101111111010111011111011101110
000101000101010001010100010100000001000
011111110101011101011101110101110101111
000000000100000001000001000001000101000
011101010111110101110001111101111111110
000101010100000101010000000000010001010
010101010111111101010111111101110111010
010101010001010000010001000000000100000
110101111101011111010111111111010101111
010100000000000001000001000100010000000
010101011101111101011111010111011101110
000101000000000100010001010000000100000
110111110101111101110111111111011111010
010100000101000000010000000001010100010
010111010111111111010111111101010101110
000101010000010001000000010001010101000
011101111111011101110111010111110101110
010000000100000100000100010001000101000
010111111101111101010111111111010101111
000001000001000001010000000101010100010
000101011101111101111111110101110111110
000101000100000100000100000001000000000
010111110101011111111101011111011111011
010001000101000000010101000000010100010
111101110111011111110101011111110101110
000000010100000000000001010000000000000
-- start --
8
0
-- goal --
32
24
