010001000001000100000100010000000001000
010101110111011101111111010111111111110
110100000101000000000100010000010001000
111111110101011101010101011111010101110
010101000000010001010001000100000100000
010101110111111101111111111111011111011
000000010001000101010000000001000001000
110101110111010101010101110111111111011
000101000100010100010101000100000000000
011101010111011111110111011111110111111
000100010001000100010001010000010100010
011111011101011111010111010111010111010
000001010000000101000101010100010001010
110111111111010101010101110111011101010
010000010000010001010000010100000000010
010111111111110101010111010111011111010
000101000000010100010001010100010000000
110101111101110111010111010111011111010
000100000000000001010101010100000100010
011111010111111101111101010111110111110
000100010101010001000001010100010001000
011111011101010101110101110101110101110
010100000101010101000100000001000101000
010111110101011111011101111101110101110
010000010101000001000101000000010101000
111101110101110101011111111111011101111
000000000001000101000000000001000101010
011111011111011101011101011101111101010
010100000001010100010101000100010000000
110101011111010111010111011111011101011
000001010101010000010001000101000101010
110111110101010101110111111101011111010
000100010000010100010000000101000100000
010111010111111111111111010101011101011
010000010000000000010001010001010001010
010111011111011111010111111101110101010
010100000000010100010000010100010101000
011101111101110111010111010101011101110
000100000100000001000100000001010001000
-- start --
0
0
-- goal --
4
8
